8 0.442935 0.411804 0.012086 0.060875
8 0.170507 0.496850 0.013093 0.051923
8 0.625729 0.548773 0.011078 0.019695
2 0.465126 0.649253 0.028132 0.030867
2 0.436389 0.666048 0.017121 0.050133
2 0.400636 0.671419 0.074528 0.082361
2 0.348741 0.670524 0.035304 0.048342
2 0.293880 0.673210 0.080570 0.078780
2 0.212303 0.681382 0.116827 0.116610
2 0.020042 0.731399 0.040084 0.141446
8 0.088240 0.620391 0.013727 0.026857
8 0.454517 0.543402 0.013093 0.034019
8 0.433368 0.547878 0.015107 0.028647
3 0.623782 0.616898 0.063315 0.134109
2 0.545159 0.657991 0.144019 0.270358
2 0.865024 0.675000 0.268945 0.282891
9 0.703782 0.553249 0.020143 0.017905
9 0.703278 0.521021 0.019135 0.032228
9 0.713349 0.477155 0.015107 0.019695
9 0.703782 0.435080 0.012086 0.046552
9 0.442044 0.466413 0.036489 0.044761
8 0.168931 0.599062 0.015820 0.028125