9 0.304627 0.436714 0.034118 0.020796
9 0.605843 0.355263 0.020471 0.027728
9 0.623390 0.384724 0.024370 0.013864
9 0.624852 0.403787 0.029244 0.024262
9 0.609742 0.458376 0.024370 0.019063
8 0.634113 0.482638 0.012673 0.029461
8 0.283182 0.487837 0.016572 0.032927
8 0.364578 0.227888 0.019496 0.077985
8 0.583910 0.058055 0.019496 0.098781
8 0.566363 0.067587 0.013647 0.072786
8 0.343132 0.231354 0.019496 0.071053
8 0.317300 0.485238 0.014622 0.034660
8 0.437201 0.484371 0.006824 0.019063
8 0.506900 0.486971 0.007798 0.027728
8 0.926555 0.307606 0.028269 0.088383
8 0.987968 0.298941 0.020471 0.102247
8 0.919244 0.103113 0.027295 0.050257
2 0.886100 0.605681 0.113078 0.143838
2 0.482530 0.570154 0.021446 0.024262
2 0.451336 0.564955 0.011698 0.027728
2 0.445487 0.568421 0.013647 0.034660
2 0.427941 0.568421 0.033143 0.083184
2 0.426966 0.588351 0.015597 0.060655
2 0.389923 0.585751 0.066287 0.110911
2 0.579523 0.666335 0.248576 0.244352
2 0.052640 0.644673 0.046791 0.100514