8 0.385801 0.184453 0.014502 0.053906
8 0.710117 0.098906 0.017139 0.075000
8 0.698252 0.100078 0.011865 0.072656
8 0.725278 0.093047 0.013184 0.063281
8 0.851841 0.286406 0.021094 0.028125
8 0.828770 0.289922 0.014502 0.025781
9 0.390415 0.233672 0.015820 0.030469
9 0.391075 0.267656 0.014502 0.037500
9 0.797788 0.162187 0.055371 0.028125
9 0.848545 0.178594 0.025049 0.018750
9 0.973789 0.198515 0.027686 0.049219
8 0.488633 0.336797 0.006592 0.025781
8 0.514341 0.335625 0.005273 0.023437
2 0.437217 0.366093 0.035596 0.032812
2 0.518296 0.357890 0.013184 0.025781
2 0.505113 0.357890 0.013184 0.016406
2 0.406895 0.361406 0.025049 0.032812
2 0.382505 0.366093 0.026367 0.042187
2 0.298789 0.369609 0.030322 0.039844
2 0.267808 0.366093 0.044824 0.065625
2 0.237486 0.376640 0.031641 0.063281
2 0.116197 0.384843 0.100195 0.103125
9 0.877549 0.226640 0.019775 0.072656
2 0.180137 0.387187 0.109424 0.107812
2 0.348887 0.377812 0.051416 0.051562
2 0.565757 0.398906 0.110742 0.178125
2 0.006023 0.405937 0.012046 0.051562