8 0.448879 0.395260 0.008398 0.025592
8 0.429085 0.392061 0.004799 0.019194
8 0.416489 0.412322 0.008398 0.021327
9 0.279130 0.365403 0.011996 0.021327
9 0.388897 0.418720 0.008398 0.017062
9 0.495665 0.405924 0.013196 0.025592
9 0.969467 0.150000 0.061066 0.196208
2 0.371502 0.462440 0.021594 0.053318
2 0.351708 0.464573 0.041988 0.070379
2 0.315119 0.474170 0.067180 0.098104
2 0.288727 0.489099 0.074378 0.115166
2 0.228745 0.508293 0.129562 0.153554
2 0.110174 0.540284 0.220347 0.396682
2 0.462675 0.457109 0.043187 0.025592
2 0.502263 0.457109 0.045586 0.076777
2 0.534054 0.472038 0.058783 0.106635
2 0.570043 0.477369 0.063581 0.125829
2 0.643221 0.500829 0.147556 0.211137
2 0.820711 0.602132 0.358578 0.396682