9 0.196681 0.237743 0.045697 0.031062
9 0.221546 0.280752 0.044353 0.078850
8 0.198025 0.341681 0.026881 0.047788
8 0.234314 0.146947 0.018816 0.074071
8 0.201385 0.144557 0.022848 0.083628
2 0.431432 0.461150 0.021504 0.045398
2 0.418664 0.469513 0.025536 0.047788
2 0.411272 0.476681 0.024192 0.052566
2 0.389095 0.469513 0.049729 0.090796
2 0.487881 0.457566 0.040321 0.057345
2 0.752430 0.455575 0.090050 0.095575
2 0.685901 0.520088 0.217732 0.281947
4 0.588465 0.405000 0.181443 0.303451
2 0.113570 0.620044 0.225796 0.551947
2 0.845392 0.647522 0.307782 0.688141
2 0.450545 0.442129 0.030228 0.027684
2 0.377722 0.477141 0.060457 0.091194
2 0.344287 0.496683 0.072365 0.130277
2 0.452835 0.478769 0.049465 0.074909