8 0.048005 0.334381 0.014037 0.017468
8 0.409445 0.253905 0.018247 0.041174
8 0.405655 0.346234 0.009826 0.023706
8 0.273887 0.385224 0.009826 0.014348
8 0.950096 0.134127 0.042110 0.142237
9 0.401444 0.186530 0.042110 0.021211
2 0.149138 0.404043 0.031582 0.048660
2 0.290907 0.417768 0.009124 0.016220
2 0.259324 0.412153 0.044215 0.049908
2 0.304241 0.418600 0.017546 0.026201
2 0.971501 0.495956 0.055444 0.067375
2 0.869737 0.485351 0.137558 0.088586
9 0.976870 0.300693 0.032986 0.047412
8 0.391618 0.269501 0.015440 0.079852