8 0.360182 0.334853 0.004467 0.023824
8 0.427186 0.324265 0.004467 0.029118
2 0.357949 0.381177 0.017868 0.047647
2 0.343804 0.389118 0.013401 0.021176
2 0.331892 0.390441 0.010423 0.029118
2 0.318491 0.397546 0.019357 0.032739
2 0.297645 0.405000 0.022335 0.031765
2 0.203394 0.383824 0.056581 0.058235
2 0.145324 0.422206 0.098272 0.129706
2 0.390259 0.418236 0.069982 0.121765
2 0.450563 0.422206 0.053603 0.060882
2 0.246425 0.443383 0.120607 0.140294
2 0.515822 0.455294 0.103121 0.121765
2 0.067004 0.427500 0.134007 0.272647
2 0.839780 0.365294 0.318640 0.608824
9 0.451010 0.326912 0.013401 0.013235