9 0.784037 0.219222 0.111268 0.189653
9 0.660725 0.279381 0.025236 0.048943
2 0.440535 0.482905 0.016059 0.021412
2 0.469500 0.493612 0.024662 0.036707
2 0.485846 0.497180 0.021795 0.033648
2 0.423329 0.496671 0.022942 0.024471
2 0.405262 0.502788 0.012044 0.020393
2 0.398464 0.509513 0.018353 0.031609
2 0.390148 0.513591 0.022368 0.035687
2 0.377931 0.521239 0.014683 0.044864
2 0.345698 0.530415 0.037854 0.061178
2 0.315816 0.542141 0.049899 0.082591
2 0.363707 0.521748 0.032119 0.054041
2 0.265057 0.556416 0.068826 0.096866
2 0.198239 0.575279 0.099223 0.132553
2 0.105955 0.603319 0.157152 0.174358
2 0.028052 0.637381 0.056103 0.199849
2 0.489617 0.513557 0.018353 0.034668
2 0.531486 0.550264 0.089473 0.120317