8 0.090303 0.142489 0.022231 0.101926
8 0.470932 0.314475 0.011155 0.028369
8 0.383990 0.510671 0.010531 0.022881
8 0.434888 0.523151 0.009361 0.018721
8 0.438398 0.569954 0.009361 0.016641
8 0.403296 0.563714 0.011701 0.016641
8 0.432548 0.582435 0.009361 0.016641
2 0.452817 0.586595 0.009361 0.029122
2 0.462763 0.584515 0.015211 0.037442
2 0.472708 0.584515 0.016381 0.045763
2 0.490259 0.586595 0.025742 0.058243
2 0.507810 0.586595 0.042123 0.058243
8 0.414790 0.578275 0.010531 0.020801
2 0.366232 0.583475 0.042123 0.052003
2 0.328205 0.586595 0.038612 0.045763
2 0.237232 0.596996 0.091265 0.101926
2 0.164868 0.609818 0.081544 0.109564
2 0.541450 0.602196 0.058504 0.066564
2 0.869596 0.704122 0.260808 0.366102
8 0.101418 0.497150 0.011701 0.029122
8 0.633800 0.490909 0.014041 0.024961
8 0.110779 0.496110 0.007020 0.027042
8 0.617419 0.495070 0.014041 0.033282
8 0.888875 0.375463 0.028082 0.056163
8 0.118969 0.150809 0.025742 0.089445
9 0.928073 0.193452 0.083075 0.062404
9 0.610399 0.447227 0.025742 0.024961
9 0.963175 0.280817 0.043293 0.062404
2 0.118947 0.604612 0.025742 0.022881