8 0.466488 0.258735 0.012070 0.048278
8 0.296508 0.495656 0.008046 0.017881
8 0.386024 0.467046 0.012070 0.025033
8 0.383007 0.495656 0.006035 0.017881
8 0.426759 0.501020 0.009052 0.021457
8 0.601264 0.431285 0.012070 0.032185
9 0.502193 0.290921 0.047272 0.026821
8 0.734029 0.406252 0.020116 0.107285
8 0.601767 0.468834 0.019110 0.017881
2 0.396082 0.529629 0.010058 0.014305
2 0.385521 0.526947 0.009052 0.012517
2 0.417204 0.530523 0.012070 0.019669
2 0.431285 0.537675 0.016093 0.023245
9 0.764203 0.447377 0.028162 0.021457