9 0.342909 0.283392 0.029368 0.020245
9 0.339637 0.407735 0.014384 0.021310
2 0.444523 0.526184 0.122267 0.192857
2 0.640710 0.538437 0.117472 0.187530
2 0.747994 0.520324 0.055140 0.072455
2 0.947810 0.540426 0.101889 0.196054
9 0.284331 0.381665 0.029967 0.059669
9 0.942116 0.380067 0.022176 0.035162
2 0.871060 0.527072 0.019179 0.063931
2 0.701045 0.512687 0.034762 0.079913
9 0.545011 0.360903 0.019179 0.034096
8 0.543016 0.423185 0.009590 0.035162
8 0.445920 0.418821 0.009986 0.027855
2 0.505454 0.511064 0.026371 0.077782
2 0.505454 0.492950 0.026371 0.052210
8 0.958048 0.371330 0.010788 0.033031
2 0.929879 0.448579 0.009590 0.019179
8 0.524330 0.302143 0.012398 0.029388