1 0.264100 0.524308 0.023818 0.032380
8 0.394399 0.477606 0.012610 0.017435
8 0.437131 0.476361 0.008406 0.019926
8 0.512788 0.465277 0.005604 0.024908
8 0.465152 0.498902 0.008406 0.022417
8 0.527500 0.503884 0.009807 0.022417
8 0.577938 0.460295 0.009807 0.024908
9 0.395099 0.429659 0.014011 0.022417
9 0.493874 0.463284 0.012610 0.019926
9 0.769743 0.493174 0.016813 0.014945
9 0.759235 0.514345 0.015412 0.012454
2 0.474259 0.571384 0.049037 0.059779
2 0.567430 0.552703 0.036428 0.037362
2 0.596152 0.575120 0.046235 0.062269
2 0.128197 0.612316 0.256394 0.271495
2 0.655697 0.599862 0.112085 0.146956
2 0.534505 0.604636 0.107882 0.181827
2 0.321777 0.688284 0.322244 0.293912
2 0.944876 0.571882 0.106481 0.084686
2 0.860112 0.736273 0.276009 0.288930