2 0.160640 0.455420 0.014941 0.009375
2 0.170308 0.464795 0.025488 0.015625
2 0.207662 0.461670 0.035156 0.021875
2 0.235787 0.463232 0.033398 0.021875
2 0.332906 0.462451 0.025488 0.026562
4 0.287642 0.456201 0.042187 0.026562
2 0.376851 0.501514 0.092285 0.132812
2 0.595259 0.499951 0.103711 0.142187
2 0.776753 0.542920 0.232910 0.343750
2 0.078343 0.466357 0.156685 0.081250
2 0.164156 0.534326 0.122168 0.126562
2 0.279292 0.571826 0.171387 0.214062
2 0.474849 0.522607 0.151172 0.209375
2 0.548238 0.614795 0.206543 0.287500
2 0.120530 0.700732 0.241060 0.434375
2 0.931880 0.717139 0.133594 0.445312
2 0.070872 0.533545 0.141744 0.109375