8 0.437228 0.142489 0.018721 0.072804
8 0.552480 0.320339 0.012871 0.024961
8 0.216085 0.277697 0.011701 0.052003
8 0.343623 0.368182 0.014041 0.020801
8 0.423188 0.346341 0.011701 0.022881
8 0.121894 0.412905 0.010531 0.027042
8 0.228371 0.282897 0.012871 0.045763
8 0.452439 0.145609 0.011701 0.058243
8 0.419092 0.144569 0.012871 0.064484
8 0.204384 0.282897 0.011701 0.054083
8 0.701079 0.291217 0.026912 0.049923
8 0.648426 0.304738 0.008190 0.035362
9 0.665392 0.276657 0.035102 0.074884
9 0.517378 0.109207 0.113497 0.035362
8 0.491637 0.397304 0.012871 0.020801
2 0.455364 0.515871 0.155619 0.216333
2 0.608644 0.450347 0.113497 0.114407
2 0.351228 0.454507 0.022231 0.039522
2 0.377555 0.457627 0.030422 0.033282
8 0.428129 0.394184 0.010531 0.014561
9 0.761716 0.056163 0.032762 0.062404
9 0.721348 0.151849 0.022231 0.074884
9 0.559294 0.277697 0.011701 0.031202
9 0.506055 0.353621 0.012871 0.033282
9 0.076640 0.330740 0.031592 0.012481
9 0.078980 0.353621 0.022231 0.016641
8 0.080401 0.406703 0.010135 0.022177