8 0.722713 0.317240 0.012013 0.077797
8 0.331442 0.446901 0.025742 0.056441
8 0.331871 0.443851 0.026600 0.059492
8 0.704694 0.331732 0.015445 0.064068
8 0.590573 0.528512 0.013729 0.039661
8 0.708555 0.543003 0.011155 0.032034
8 0.759180 0.567410 0.011155 0.022881
8 0.737729 0.563596 0.007722 0.021356
9 0.364906 0.323342 0.051483 0.028983
9 0.356325 0.291308 0.013729 0.022881
9 0.609879 0.446139 0.026600 0.024407
9 0.656214 0.383596 0.007722 0.048814
2 0.751886 0.614698 0.036038 0.041186
2 0.728290 0.618512 0.011155 0.030508
2 0.716277 0.607834 0.014587 0.024407
2 0.706410 0.605545 0.012013 0.028983
2 0.302268 0.777156 0.593771 0.421017
2 0.850133 0.713851 0.292595 0.562881