8 0.363514 0.217373 0.007020 0.031202
8 0.505092 0.312019 0.007020 0.016641
8 0.379310 0.296418 0.005850 0.018721
8 0.407977 0.324499 0.007020 0.016641
9 0.146466 0.092566 0.040952 0.052003
9 0.274589 0.159130 0.018721 0.022881
9 0.505092 0.292258 0.009361 0.014561
9 0.350643 0.296418 0.009361 0.018721
2 0.432548 0.354661 0.018721 0.027042
2 0.396861 0.347381 0.010531 0.029122
2 0.414997 0.341140 0.016381 0.016641
3 0.496317 0.343221 0.029252 0.062404
2 0.460045 0.357781 0.033932 0.049923
2 0.410902 0.357781 0.026912 0.024961
2 0.309106 0.360902 0.071374 0.114407
4 0.788296 0.383783 0.421132 0.767566