9 0.212625 0.377467 0.039967 0.076382
9 0.360004 0.381020 0.014988 0.030197
9 0.360503 0.429868 0.015987 0.017763
2 0.474609 0.486711 0.019984 0.028421
3 0.026478 0.505362 0.050958 0.158092
2 0.421330 0.474276 0.015987 0.017763
2 0.405343 0.480493 0.017985 0.019539
2 0.494770 0.485822 0.020983 0.037303
2 0.503263 0.484934 0.017985 0.031974
2 0.510757 0.491151 0.014988 0.033750
2 0.536735 0.497368 0.042965 0.060395
2 0.549725 0.508914 0.040966 0.055066
2 0.562214 0.519572 0.045962 0.065724
2 0.594688 0.540000 0.056953 0.113684
3 0.352010 0.483158 0.032973 0.035526
2 0.320536 0.521349 0.061949 0.087039
2 0.237604 0.542664 0.115905 0.111908
2 0.671248 0.547105 0.145880 0.177632
2 0.385483 0.479605 0.013988 0.017763
2 0.894064 0.703421 0.209827 0.376579
2 0.371111 0.477490 0.009356 0.018018
2 0.454533 0.469866 0.009356 0.013860
2 0.436991 0.471252 0.008576 0.011088
2 0.464279 0.471945 0.010135 0.012474