2 0.354725 0.406470 0.044837 0.071231
2 0.751584 0.405622 0.115433 0.072927
2 0.405763 0.491552 0.150730 0.225565
2 0.284607 0.438976 0.101123 0.130590
2 0.123383 0.503706 0.244221 0.339196
3 0.437245 0.362940 0.040068 0.054271
8 0.311318 0.220195 0.013356 0.052575
8 0.510225 0.089604 0.014310 0.055967
8 0.331352 0.208323 0.007632 0.032224
8 0.534075 0.078580 0.014310 0.064447
8 0.316088 0.163379 0.011448 0.044095
8 0.627089 0.268530 0.013356 0.030528
8 0.644737 0.326759 0.010494 0.023744
8 0.800079 0.213976 0.011448 0.035616