8 0.477427 0.366093 0.010547 0.032812
8 0.292198 0.348515 0.009229 0.030469
8 0.417442 0.424687 0.009229 0.028125
8 0.303404 0.347344 0.010547 0.032812
8 0.627061 0.421172 0.022412 0.025781
8 0.582237 0.437578 0.011865 0.021094
9 0.613218 0.341484 0.023730 0.021094
9 0.625742 0.383672 0.017139 0.011719
9 0.571690 0.395390 0.017139 0.016406
9 0.535435 0.374297 0.018457 0.025781
9 0.497202 0.402422 0.031641 0.025781
9 0.213096 0.359062 0.022412 0.018750
9 0.257920 0.352031 0.035596 0.018750
2 0.437876 0.478593 0.026367 0.046875
2 0.369981 0.479765 0.030322 0.067969
2 0.277037 0.480937 0.065918 0.089062
2 0.193980 0.496172 0.139746 0.171094
2 0.569712 0.507890 0.100195 0.105469
2 0.619151 0.530156 0.061963 0.140625
2 0.737803 0.561796 0.249170 0.302344
2 0.517637 0.479765 0.011865 0.072656
2 0.330430 0.480937 0.040869 0.065625
2 0.396348 0.491484 0.048779 0.072656
2 0.484019 0.498515 0.081738 0.142969
2 0.879526 0.655546 0.239941 0.494531
2 0.121470 0.693046 0.242578 0.611718