9 0.108204 0.426316 0.019496 0.034660
9 0.558565 0.387324 0.021446 0.057189
9 0.777897 0.221823 0.025345 0.020796
9 0.777409 0.267747 0.026320 0.064121
9 0.989430 0.378659 0.019496 0.050257
9 0.989917 0.418518 0.016572 0.015597
9 0.329485 0.447112 0.031194 0.041592
9 0.536632 0.457510 0.024370 0.024262
9 0.504463 0.454044 0.034118 0.020796
9 0.574162 0.467041 0.007798 0.019063
8 0.213970 0.289410 0.010723 0.045058
8 0.360191 0.292009 0.010723 0.046791
8 0.445487 0.292876 0.009748 0.045058
9 0.477656 0.008665 0.333384 0.017330
2 0.467908 0.572754 0.232004 0.400321
2 0.037043 0.698396 0.074085 0.315404
2 0.200323 0.548492 0.100405 0.133440
2 0.250038 0.516432 0.073111 0.097048
2 0.279282 0.484371 0.032169 0.050257
2 0.320712 0.517298 0.074085 0.102247
2 0.376276 0.496502 0.037043 0.081451
2 0.629726 0.498235 0.023395 0.036393
2 0.588784 0.498235 0.044841 0.043325
2 0.555153 0.506900 0.022421 0.032927
2 0.969446 0.503434 0.059463 0.084917
2 0.895848 0.510366 0.037043 0.046791
2 0.793494 0.521631 0.062388 0.055456
2 0.872453 0.519031 0.054589 0.060655
8 0.096765 0.396562 0.009439 0.022881