8 0.334847 0.416025 0.012871 0.058243
8 0.241827 0.494030 0.021061 0.031202
8 0.231296 0.599076 0.014041 0.029122
8 0.673583 0.460748 0.009361 0.052003
8 0.699324 0.573074 0.014041 0.022881
8 0.352983 0.420185 0.016381 0.049923
9 0.699324 0.529392 0.023401 0.018721
9 0.686453 0.556433 0.025742 0.022881
9 0.296820 0.596996 0.028082 0.033282
9 0.250017 0.455547 0.030422 0.020801
9 0.333677 0.584515 0.010531 0.037442
9 0.491052 0.618837 0.009361 0.014561
9 0.412072 0.617797 0.012871 0.029122
1 0.468820 0.647959 0.025742 0.056163
2 0.394521 0.637558 0.017551 0.022881
2 0.377555 0.642759 0.018721 0.020801
2 0.387500 0.666680 0.031592 0.027042