2 0.433288 0.352746 0.102134 0.194045
2 0.237597 0.390169 0.089659 0.149692
2 0.518269 0.362449 0.028847 0.041581
2 0.985667 0.376309 0.027288 0.060986
2 0.607539 0.349281 0.024949 0.048511
2 0.535850 0.354825 0.007017 0.022177
2 0.541698 0.352053 0.004678 0.013860
2 0.582629 0.348588 0.022610 0.040195
8 0.597832 0.220380 0.009356 0.024949
8 0.399023 0.214143 0.012474 0.020791
8 0.094961 0.279979 0.017152 0.024949
8 0.224382 0.165631 0.012474 0.045739
9 0.883572 0.113655 0.025728 0.022177
8 0.906572 0.252952 0.015593 0.031879
9 0.636425 0.275128 0.010135 0.015246
8 0.578731 0.294533 0.005458 0.012474
8 0.517139 0.301463 0.005458 0.012474
8 0.511292 0.325719 0.004678 0.011088
3 0.562834 0.344925 0.015593 0.033265
2 0.549970 0.353241 0.008576 0.019405
9 0.902050 0.167710 0.031186 0.044353
9 0.723511 0.146227 0.021830 0.026335
2 0.492012 0.347411 0.024258 0.048750