8 0.376276 0.450578 0.007798 0.027728
8 0.470832 0.437580 0.005849 0.032927
8 0.502416 0.514525 0.003899 0.015597
8 0.227303 0.534628 0.016572 0.022529
8 0.384247 0.437580 0.002924 0.029461
2 0.441490 0.564782 0.010723 0.019063
2 0.432717 0.563049 0.008773 0.022529
2 0.481458 0.558717 0.012673 0.020796
2 0.495105 0.560450 0.012673 0.024262
2 0.457575 0.587311 0.044841 0.067587
2 0.411446 0.564275 0.036027 0.083903
2 0.030921 0.629693 0.060624 0.187407
2 0.509459 0.563099 0.013647 0.015597
8 0.586469 0.518907 0.013647 0.020796