4 0.029598 0.456637 0.057990 0.486598
9 0.093966 0.299936 0.024356 0.045361
8 0.125281 0.283441 0.017397 0.028866
2 0.089327 0.508183 0.077706 0.098969
2 0.280693 0.448389 0.035954 0.061856
2 0.309108 0.432925 0.027835 0.059794
2 0.334044 0.447358 0.052191 0.072165
2 0.366518 0.427771 0.026675 0.061856
2 0.396093 0.427771 0.027835 0.045361
2 0.423928 0.422616 0.034794 0.039175
2 0.455242 0.442204 0.057990 0.074227
4 0.678503 0.369008 0.402449 0.224742
9 0.681982 0.052513 0.040593 0.065979
9 0.730113 0.090657 0.020876 0.072165
8 0.796802 0.163853 0.024356 0.041237
8 0.811299 0.327771 0.013918 0.043299
8 0.505113 0.247358 0.013918 0.051546
8 0.470320 0.349420 0.006959 0.020619
8 0.410590 0.360760 0.008119 0.022680
8 0.033657 0.306121 0.019716 0.041237