8 0.244167 0.372342 0.011701 0.029122
8 0.396276 0.270416 0.009361 0.049923
8 0.412072 0.264176 0.012871 0.062404
8 0.216085 0.398344 0.016381 0.018721
2 0.026723 0.607396 0.053445 0.241294
2 0.853377 0.613637 0.288629 0.457627
2 0.297405 0.497150 0.045633 0.095686
2 0.525569 0.508590 0.010531 0.035362
2 0.544290 0.518991 0.029252 0.035362
2 0.403296 0.642759 0.287837 0.436826
9 0.292140 0.296418 0.023401 0.052003
9 0.372875 0.264176 0.030422 0.037442
9 0.756658 0.461788 0.011701 0.033282
2 0.708360 0.535632 0.011701 0.022881
2 0.721816 0.533552 0.015211 0.027042
2 0.648687 0.529392 0.030422 0.031202
2 0.615340 0.525231 0.019891 0.022881
2 0.579477 0.525231 0.023401 0.031202
9 0.022012 0.150660 0.044024 0.037442
9 0.030568 0.116338 0.031592 0.039522
8 0.041099 0.052449 0.031592 0.104898