2 0.665293 0.584062 0.201709 0.174375
8 0.375913 0.496875 0.007910 0.023437
2 0.392393 0.528515 0.054053 0.053906
2 0.355479 0.540234 0.022412 0.072656
2 0.254624 0.529687 0.013184 0.032812
4 0.227598 0.512109 0.051416 0.086719
8 0.222325 0.446484 0.006592 0.030469
2 0.304722 0.570703 0.108105 0.185156
4 0.135313 0.522046 0.077783 0.137157
2 0.056780 0.582421 0.113560 0.157031
2 0.012615 0.761718 0.025230 0.262500
8 0.325816 0.430078 0.007910 0.030469
2 0.198594 0.568359 0.080420 0.096094
2 0.116197 0.567187 0.026367 0.075000