2 0.455195 0.499921 0.015950 0.017328
2 0.433929 0.501496 0.021266 0.023629
2 0.488866 0.487319 0.026583 0.029930
2 0.537207 0.498989 0.047849 0.050408
2 0.662205 0.525823 0.108102 0.157526
2 0.713317 0.571820 0.193167 0.264644
9 0.184875 0.351959 0.025696 0.031505
9 0.393422 0.414294 0.014177 0.026779
9 0.413802 0.471791 0.010633 0.018903
9 0.581272 0.430834 0.016836 0.025204
9 0.566652 0.422170 0.014177 0.023629
9 0.556019 0.434773 0.014177 0.014177
8 0.521018 0.388302 0.006203 0.022054
8 0.527347 0.390215 0.005317 0.018903
8 0.516271 0.390215 0.006203 0.022054
8 0.415258 0.410694 0.009747 0.018903
2 0.018102 0.510236 0.033484 0.025512
8 0.613480 0.433701 0.011959 0.010630
2 0.506449 0.496417 0.010763 0.017008
2 0.349357 0.616536 0.009567 0.008504