8 0.269213 0.174752 0.078520 0.110204
8 0.790370 0.175933 0.016531 0.056939
8 0.651926 0.041851 0.022730 0.082653
8 0.773839 0.175408 0.015497 0.069796
8 0.620488 0.040671 0.018597 0.080816
9 0.838412 0.326939 0.028929 0.025714
9 0.860625 0.299912 0.033061 0.014694
9 0.636945 0.332974 0.013431 0.018367
9 0.463374 0.393586 0.019630 0.029388
9 0.460274 0.359606 0.013431 0.031224
8 0.429796 0.364286 0.022730 0.033061
2 0.950032 0.639184 0.097117 0.367347
8 0.827086 0.404082 0.008265 0.022041
2 0.551094 0.451619 0.047802 0.043705