8 0.416167 0.250655 0.014041 0.027042
8 0.555991 0.249615 0.015211 0.029122
8 0.477596 0.465948 0.008190 0.016641
8 0.457120 0.463868 0.009361 0.012481
8 0.148221 0.404584 0.011701 0.027042
8 0.202044 0.420185 0.011701 0.016641
8 0.709855 0.379623 0.016381 0.027042
8 0.691134 0.381703 0.014041 0.027042
2 0.476426 0.482589 0.024571 0.020801
2 0.484031 0.506510 0.028082 0.039522
2 0.455723 0.508002 0.028269 0.054986
2 0.413569 0.514831 0.057988 0.060324
2 0.317881 0.515871 0.023401 0.066564
2 0.355909 0.515871 0.069034 0.095686
4 0.542870 0.473748 0.094276 0.165370
2 0.858454 0.567874 0.280817 0.453467
2 0.642076 0.514831 0.062014 0.070724
2 0.713450 0.552273 0.078395 0.108166