9 0.856114 0.359862 0.058504 0.120647
9 0.722726 0.473228 0.051483 0.022881
9 0.684698 0.380663 0.040952 0.054083
9 0.692304 0.470108 0.014041 0.016641
9 0.556576 0.420185 0.009361 0.049923
9 0.308521 0.528352 0.009361 0.024961
9 0.885365 0.446187 0.046803 0.047843
8 0.258793 0.539792 0.010531 0.031202
8 0.322562 0.511711 0.009361 0.024961
8 0.484616 0.447227 0.010531 0.045763
8 0.671827 0.553313 0.008190 0.024961
8 0.495732 0.451387 0.009361 0.045763
8 0.715705 0.561066 0.023401 0.038578
8 0.696399 0.566834 0.008190 0.031202
8 0.669487 0.614677 0.008190 0.018721
2 0.116629 0.750925 0.231674 0.495070
2 0.451269 0.686441 0.196572 0.445147
2 0.248262 0.676041 0.207102 0.345301
2 0.349473 0.675000 0.025742 0.093606