8 0.216685 0.128406 0.011713 0.052057
8 0.562698 0.078085 0.010737 0.062468
8 0.541713 0.085893 0.025378 0.085026
8 0.708131 0.281973 0.014641 0.029499
8 0.696419 0.284576 0.008785 0.024293
2 0.415801 0.370469 0.025378 0.039910
2 0.373831 0.369601 0.037090 0.058997
2 0.449964 0.368734 0.025378 0.032969
2 0.283545 0.371337 0.137624 0.176992
4 0.515696 0.347911 0.067652 0.091967
4 0.405065 0.344441 0.027330 0.071144
8 0.453868 0.304531 0.005856 0.015617
8 0.443131 0.342705 0.005856 0.015617
8 0.452404 0.332294 0.004880 0.015617
8 0.333324 0.296722 0.008785 0.031234
3 0.892607 0.417320 0.133720 0.255077