9 0.601805 0.254013 0.012989 0.024868
9 0.612296 0.298421 0.015987 0.053289
9 0.593312 0.296645 0.013988 0.031974
2 0.300053 0.401447 0.014988 0.021316
2 0.261085 0.423651 0.018984 0.026645
2 0.248096 0.420987 0.014988 0.021316
2 0.227613 0.425428 0.021982 0.030197
2 0.042765 0.474276 0.051957 0.060395
2 0.382985 0.412105 0.014988 0.021316
2 0.389979 0.417434 0.018984 0.024868
2 0.400970 0.419211 0.018984 0.035526
2 0.413959 0.425428 0.020983 0.037303
2 0.425949 0.429868 0.028976 0.042632
2 0.442935 0.444079 0.040966 0.056842
2 0.369496 0.381020 0.011990 0.012434
2 0.192641 0.443191 0.055954 0.051513
2 0.136188 0.457401 0.046961 0.047961
2 0.347514 0.382796 0.011990 0.012434
2 0.012290 0.477829 0.022981 0.067500
2 0.939027 0.667007 0.119901 0.136776
9 0.263083 0.355263 0.008993 0.024868