2 0.065312 0.514699 0.091632 0.090116
2 0.131599 0.513832 0.048740 0.074519
2 0.317300 0.511233 0.024370 0.048524
2 0.294392 0.513832 0.017547 0.043325
2 0.226643 0.505167 0.036068 0.043325
2 0.254912 0.507767 0.014622 0.045058
2 0.269047 0.504301 0.019496 0.045058
2 0.369452 0.507767 0.021446 0.034660
2 0.179852 0.517298 0.051665 0.053723
8 0.084321 0.129108 0.030219 0.091849
8 0.445000 0.040725 0.034118 0.081451
8 0.058976 0.123909 0.020471 0.077985
8 0.107229 0.133440 0.015597 0.086650
8 0.415756 0.036393 0.016572 0.072786
8 0.528833 0.289410 0.018521 0.041592
8 0.391385 0.453177 0.008773 0.015597
8 0.358242 0.444512 0.010723 0.019063
8 0.307552 0.448845 0.006824 0.013864
8 0.355805 0.470507 0.009748 0.015597
8 0.360191 0.485238 0.010723 0.006932
8 0.467420 0.037259 0.012673 0.064121