8 0.364435 0.275656 0.018353 0.042145
8 0.525411 0.275656 0.014530 0.044864
8 0.223343 0.366064 0.017589 0.024471
8 0.353729 0.301487 0.009177 0.023112
8 0.320464 0.371502 0.008412 0.013595
9 0.195430 0.362665 0.015295 0.031269
9 0.146106 0.384417 0.016059 0.036707
8 0.664209 0.373541 0.018353 0.017674
2 0.167475 0.422130 0.051237 0.066616
2 0.211447 0.428927 0.035177 0.053021
2 0.423659 0.386103 0.014530 0.019033
2 0.448513 0.381344 0.018353 0.023112
2 0.499367 0.370468 0.025236 0.036707
2 0.567428 0.382024 0.013000 0.021752
2 0.619812 0.385423 0.026001 0.023112
2 0.553663 0.385423 0.017589 0.023112
2 0.532251 0.382024 0.017589 0.019033
2 0.474514 0.398338 0.024471 0.035347
2 0.355599 0.439124 0.057355 0.078852
2 0.382746 0.387462 0.065767 0.051662
2 0.890526 0.522734 0.215653 0.205287