8 0.281675 0.227946 0.007647 0.035347
8 0.327559 0.285045 0.007647 0.024471
8 0.360059 0.306118 0.003824 0.017674
8 0.372295 0.306798 0.005353 0.024471
8 0.404031 0.306798 0.004588 0.019033
8 0.451444 0.239501 0.007647 0.028550
8 0.441885 0.279607 0.005353 0.019033
8 0.486622 0.292523 0.004588 0.020393
8 0.534035 0.312915 0.004588 0.017674
8 0.237247 0.312281 0.006883 0.023112
8 0.142622 0.284139 0.006883 0.023112
9 0.440483 0.320166 0.006118 0.014955
9 0.472220 0.311329 0.011471 0.021752
2 0.144916 0.375227 0.060414 0.074773
2 0.089091 0.387462 0.074179 0.074773
2 0.265548 0.353474 0.025627 0.036707
2 0.372040 0.345317 0.014530 0.023112
2 0.436086 0.353474 0.021795 0.028550
2 0.501279 0.351435 0.039766 0.032628
2 0.682520 0.348716 0.034413 0.038066
2 0.608013 0.343861 0.037472 0.044864
2 0.028637 0.389528 0.057274 0.107402
2 0.301685 0.350076 0.031354 0.043505
2 0.336863 0.348036 0.019118 0.025831
2 0.401865 0.358233 0.045119 0.062538
2 0.455013 0.357553 0.029060 0.039426
2 0.643136 0.343958 0.039001 0.053021
2 0.727256 0.344637 0.032883 0.038066
2 0.768934 0.347356 0.035177 0.038066
2 0.811759 0.342598 0.035177 0.044864
2 0.919979 0.339898 0.057586 0.116918
8 0.450768 0.238765 0.011912 0.042353