2 0.194664 0.576265 0.062537 0.119118
3 0.083187 0.445236 0.166374 0.624706
9 0.338493 0.472941 0.017868 0.047647
9 0.243943 0.399265 0.025313 0.023824
2 0.383162 0.541765 0.044669 0.058235
2 0.406986 0.541765 0.023824 0.037059
2 0.451655 0.555000 0.047647 0.090000
2 0.504513 0.551912 0.022335 0.034412
3 0.495579 0.533383 0.034246 0.092647
2 0.546949 0.522794 0.035735 0.023824
2 0.550671 0.619853 0.159320 0.172059
2 0.611719 0.565147 0.055092 0.082059
4 0.847721 0.581471 0.297794 0.291177
8 0.237987 0.457941 0.010423 0.042353
9 0.652276 0.427878 0.022335 0.023824
8 0.379050 0.389496 0.011912 0.042353