2 0.439142 0.372816 0.014636 0.036735
2 0.096476 0.369755 0.083514 0.104082
2 0.453348 0.372051 0.017219 0.032143
2 0.469707 0.380469 0.025829 0.052041
2 0.481760 0.387357 0.027551 0.050510
2 0.502424 0.395010 0.039605 0.090306
2 0.558387 0.406489 0.115370 0.174490
2 0.383610 0.391183 0.074043 0.116327
2 0.336257 0.365163 0.017219 0.027551
2 0.316024 0.363632 0.014636 0.027551
2 0.300096 0.360571 0.017219 0.030612
2 0.205820 0.426387 0.228157 0.254082
9 0.691407 0.150112 0.043909 0.032143
9 0.716375 0.130979 0.037022 0.030612
9 0.696142 0.211336 0.024107 0.022959
9 0.680644 0.181489 0.013776 0.015306
8 0.715514 0.265673 0.024968 0.042857