8 0.313769 0.298687 0.013711 0.024375
8 0.401308 0.291562 0.015820 0.024375
8 0.435586 0.331875 0.012656 0.015000
8 0.511523 0.329062 0.016875 0.020625
8 0.563203 0.320625 0.012656 0.026250
2 0.600117 0.402187 0.031641 0.046875
2 0.565312 0.408750 0.046406 0.060000
2 0.456152 0.414375 0.011602 0.022500
2 0.468281 0.415312 0.014766 0.016875
2 0.382324 0.416250 0.015820 0.045000
2 0.395508 0.415312 0.008437 0.039375
2 0.357012 0.412500 0.036914 0.067500
2 0.304277 0.422812 0.068555 0.084375
2 0.242578 0.436875 0.111797 0.116250
2 0.086484 0.486562 0.172969 0.181875
2 0.429574 0.405000 0.028477 0.030000
2 0.500976 0.441797 0.079102 0.107812