2 0.604561 0.421983 0.032783 0.046791
2 0.555869 0.401953 0.038232 0.063281
2 0.531480 0.407812 0.013184 0.018750
2 0.524229 0.414843 0.011865 0.032812
2 0.509068 0.412500 0.031641 0.046875
2 0.484019 0.400781 0.023730 0.028125
4 0.383164 0.391406 0.077783 0.131250
3 0.321202 0.399609 0.027686 0.039844
2 0.878208 0.482812 0.242578 0.337500
2 0.277037 0.433593 0.071191 0.070312
2 0.220347 0.403125 0.060644 0.075000
8 0.511704 0.371484 0.005273 0.021094
8 0.471494 0.370312 0.003955 0.018750
9 0.272946 0.293742 0.042892 0.064121
9 0.615591 0.382991 0.008773 0.017330
9 0.653121 0.223556 0.017547 0.034660