8 0.468746 0.413467 0.006309 0.010196
8 0.432613 0.408878 0.007456 0.014275
9 0.638883 0.401174 0.014625 0.037727
9 0.515857 0.401741 0.004302 0.009177
4 0.420409 0.434366 0.040435 0.050982
4 0.465863 0.438954 0.032119 0.036707
2 0.395343 0.441278 0.024949 0.065257
2 0.375269 0.440514 0.037567 0.080042
2 0.354334 0.448416 0.030111 0.101964
2 0.345848 0.452240 0.032692 0.105532
2 0.313443 0.461416 0.053340 0.137141
2 0.474453 0.451938 0.025810 0.047923
2 0.499950 0.460605 0.036707 0.079532
2 0.516296 0.470547 0.043016 0.102474
2 0.529774 0.471821 0.047604 0.106042
2 0.584235 0.492423 0.123886 0.152436
2 0.247342 0.470802 0.138511 0.161103
2 0.868506 0.581982 0.259816 0.484838