1 0.301500 0.613637 0.037442 0.162250
8 0.125405 0.429546 0.015211 0.035362
9 0.174548 0.453467 0.022231 0.024961
9 0.422603 0.474268 0.026912 0.033282
8 0.547800 0.459708 0.015211 0.070724
9 0.546630 0.412905 0.015211 0.022881
8 0.627950 0.314099 0.018721 0.079045
9 0.624440 0.262096 0.014041 0.016641
1 0.551310 0.667720 0.122857 0.353621
2 0.608644 0.586595 0.047973 0.074884
2 0.641991 0.588675 0.025742 0.045763
2 0.673583 0.607396 0.051483 0.066564
2 0.749637 0.621957 0.095946 0.087365
2 0.844413 0.651079 0.285497 0.187211
1 0.911107 0.620917 0.128708 0.251695
2 0.897066 0.807088 0.203592 0.382743
8 0.766018 0.507550 0.011701 0.024961
8 0.780644 0.507550 0.012871 0.029122