8 0.551914 0.477422 0.006592 0.021094
9 0.707481 0.408281 0.019775 0.042187
8 0.573008 0.476250 0.003955 0.028125
8 0.583555 0.480937 0.006592 0.023437
9 0.641563 0.469218 0.061963 0.093750
2 0.439195 0.520781 0.013184 0.023437
2 0.427329 0.521953 0.021094 0.021094
2 0.443809 0.554765 0.022412 0.049219
2 0.422715 0.558281 0.035596 0.056250
2 0.398985 0.540703 0.019775 0.044531
2 0.513682 0.509062 0.009229 0.018750
2 0.520933 0.511406 0.013184 0.018750
2 0.528184 0.518437 0.009229 0.023437
2 0.650791 0.584062 0.098877 0.135937
2 0.446446 0.513750 0.011865 0.023437
2 0.455674 0.513750 0.011865 0.018750
2 0.499180 0.499687 0.011865 0.014062
2 0.487315 0.505547 0.011865 0.021094
2 0.537412 0.524297 0.017139 0.025781
2 0.487974 0.561796 0.060644 0.086719
2 0.030504 0.625078 0.060644 0.236719
2 0.803721 0.605156 0.264990 0.220312
2 0.220347 0.591093 0.408691 0.389062
2 0.941489 0.648515 0.116016 0.250781