8 0.427989 0.281719 0.017139 0.084375
8 0.750327 0.389531 0.018457 0.075000
8 0.114878 0.493828 0.018457 0.035156
8 0.130699 0.493828 0.013184 0.035156
8 0.445127 0.291094 0.019775 0.084375
8 0.437876 0.557109 0.007910 0.025781
8 0.524229 0.562968 0.009229 0.028125
9 0.170909 0.432890 0.022412 0.063281
9 0.988950 0.499687 0.021094 0.023437
9 0.986313 0.523125 0.026367 0.028125
1 0.727256 0.784453 0.101514 0.391406
2 0.459629 0.619218 0.017139 0.042187
2 0.505113 0.630937 0.018457 0.042187
2 0.528184 0.633281 0.027686 0.032812
2 0.685068 0.653203 0.043506 0.091406
2 0.233531 0.686015 0.456152 0.283594
2 0.834702 0.759843 0.329590 0.234375