8 0.347332 0.215529 0.011695 0.054055
8 0.527040 0.222459 0.014034 0.054055
8 0.404168 0.405277 0.004678 0.011088
8 0.451337 0.398347 0.003898 0.011088
8 0.546609 0.400426 0.007017 0.009702
9 0.666909 0.356350 0.021830 0.012474
8 0.238005 0.309043 0.010915 0.048511
8 0.789994 0.362405 0.012474 0.019405
8 0.889398 0.342308 0.017932 0.029107
2 0.484160 0.463167 0.009356 0.018018
2 0.528989 0.456237 0.013254 0.023563
2 0.520413 0.464553 0.013254 0.029107
2 0.446737 0.461088 0.014034 0.030493
2 0.416721 0.467325 0.017932 0.026335
2 0.425686 0.458316 0.014034 0.022177
2 0.503261 0.469404 0.027288 0.044353
2 0.489228 0.454158 0.008576 0.016632
2 0.459739 0.473331 0.034304 0.051283
9 0.602120 0.442423 0.007017 0.005544
8 0.346708 0.448244 0.005458 0.011088
8 0.231998 0.416693 0.026309 0.025512