8 0.426011 0.441093 0.007910 0.023437
8 0.379209 0.445781 0.009229 0.023437
9 0.448423 0.444609 0.015820 0.011719
9 0.685068 0.261797 0.025049 0.063281
9 0.686387 0.182109 0.038232 0.044531
2 0.388438 0.492656 0.025049 0.037500
2 0.371958 0.497343 0.036914 0.070312
2 0.325816 0.511406 0.050098 0.093750
2 0.487315 0.482109 0.022412 0.039844
2 0.261216 0.531328 0.121289 0.133594
2 0.441172 0.543046 0.117334 0.166406
3 0.522251 0.477422 0.047461 0.100781
3 0.271763 0.450468 0.044824 0.046875
8 0.004705 0.356718 0.009410 0.056250