9 0.097908 0.296418 0.028082 0.014561
9 0.924563 0.058243 0.059674 0.033282
9 0.895896 0.157049 0.067864 0.047843
9 0.836222 0.282897 0.025742 0.016641
8 0.182153 0.100886 0.014041 0.064484
8 0.481691 0.018721 0.016381 0.037442
8 0.085037 0.331780 0.016381 0.027042
8 0.926318 0.225694 0.051483 0.076965
8 0.203214 0.105046 0.014041 0.060324
8 0.211405 0.117527 0.016381 0.072804
8 0.504507 0.022881 0.017551 0.045763
8 0.959080 0.221533 0.009361 0.047843
8 0.810481 0.321379 0.021061 0.027042
2 0.474671 0.423305 0.058504 0.093606
2 0.317881 0.430586 0.154449 0.245455
2 0.115459 0.449307 0.166150 0.141448
2 0.206140 0.418105 0.057333 0.079045
2 0.400956 0.408745 0.030422 0.043683
2 0.424943 0.399384 0.017551 0.029122
8 0.422017 0.324499 0.007020 0.024961
8 0.492222 0.325540 0.007020 0.022881
8 0.119554 0.210439 0.010531 0.052003