2 0.394834 0.511618 0.017193 0.030566
2 0.465757 0.515438 0.015761 0.028019
2 0.479369 0.521806 0.022925 0.045849
2 0.174902 0.511618 0.055879 0.071321
2 0.222082 0.516312 0.022925 0.017830
2 0.234260 0.513765 0.015761 0.017830
2 0.294437 0.516312 0.021492 0.017830
2 0.433417 0.513765 0.010029 0.028019
2 0.492878 0.524293 0.025790 0.053491
2 0.508638 0.530661 0.048715 0.066226
3 0.326675 0.488633 0.045849 0.094245
4 0.415507 0.500519 0.031521 0.066226
9 0.065908 0.459765 0.017193 0.025472
9 0.115339 0.515802 0.021492 0.020377
9 0.116056 0.480142 0.017193 0.025472
9 0.118921 0.352783 0.037252 0.066226
9 0.140413 0.489057 0.017193 0.043302
9 0.189844 0.477595 0.012895 0.025472
9 0.189128 0.380802 0.034387 0.050943
9 0.587442 0.443717 0.017193 0.020377
9 0.389717 0.466132 0.008597 0.020377
8 0.287990 0.368066 0.017193 0.038208
8 0.307332 0.120566 0.027223 0.091698
8 0.971189 0.430048 0.047282 0.053491
8 0.842955 0.109953 0.025790 0.089151
8 0.656215 0.051368 0.031521 0.099340
8 0.692751 0.046274 0.024357 0.089151
8 0.005731 0.171934 0.011462 0.101887
8 0.007164 0.273821 0.014328 0.091698