1 0.194265 0.664261 0.052191 0.228866
8 0.284729 0.363918 0.015077 0.059794
9 0.289949 0.459794 0.032474 0.024742
8 0.561340 0.435052 0.011598 0.032990
2 0.613918 0.595533 0.051031 0.059794
2 0.663789 0.622337 0.090464 0.158763
8 0.488273 0.484536 0.009278 0.032990
2 0.537371 0.613746 0.088144 0.136082
2 0.468363 0.577320 0.066108 0.041237
2 0.395490 0.684193 0.262113 0.385567
8 0.675000 0.431959 0.013918 0.039175
8 0.962049 0.393127 0.012758 0.041237
8 0.992204 0.362887 0.010438 0.037113
2 0.778802 0.696220 0.242397 0.354639