9 0.747990 0.544594 0.051678 0.109735
9 0.647362 0.683039 0.012919 0.016588
2 0.286859 0.774528 0.012919 0.022968
2 0.272863 0.773252 0.017944 0.030624
2 0.236976 0.763682 0.052395 0.059972
2 0.226568 0.778994 0.030145 0.044660
2 0.183504 0.783460 0.040194 0.051040
2 0.158383 0.780270 0.020097 0.057420
2 0.129314 0.771338 0.058137 0.105907
2 0.029547 0.756026 0.056702 0.105907
2 0.423470 0.761768 0.004306 0.012760
2 0.427418 0.762406 0.005024 0.019140
2 0.431006 0.763044 0.006460 0.020416
2 0.433160 0.768148 0.007895 0.020416
2 0.522878 0.771338 0.035170 0.065076
2 0.709612 0.783460 0.137807 0.168431
2 0.556014 0.779632 0.063162 0.079112
2 0.865429 0.793668 0.250866 0.224575
2 0.447812 0.772396 0.028584 0.033877