9 0.293525 0.400237 0.009597 0.021327
8 0.405092 0.406279 0.004799 0.019194
9 0.318718 0.409478 0.009597 0.008531
9 0.471073 0.364692 0.011996 0.038389
9 0.802774 0.219668 0.053984 0.110900
2 0.306721 0.438270 0.014396 0.036256
2 0.275531 0.452132 0.043187 0.042654
2 0.348709 0.478791 0.093572 0.125829
2 0.408691 0.455331 0.031191 0.074644
2 0.440482 0.465995 0.070779 0.095971
2 0.456677 0.489455 0.059982 0.117298
2 0.496265 0.506516 0.083975 0.155687
2 0.661216 0.515047 0.308308 0.394550
3 0.111973 0.386019 0.223946 0.371090
9 0.015808 0.093839 0.020394 0.042654
9 0.988291 0.131484 0.022412 0.171094