9 0.130461 0.267224 0.033265 0.068378
9 0.276774 0.370253 0.012994 0.010164
9 0.284051 0.389196 0.032745 0.033265
9 0.318355 0.391968 0.027547 0.035113
9 0.590641 0.247064 0.030146 0.051745
8 0.219548 0.375154 0.008316 0.022177
8 0.338314 0.367300 0.008836 0.032341
8 0.409262 0.373306 0.007277 0.022177
9 0.473505 0.426900 0.009876 0.012936
9 0.587593 0.402875 0.009356 0.025873
9 0.865147 0.434292 0.014553 0.038809
9 0.219405 0.413567 0.009876 0.020329
9 0.213526 0.421374 0.009161 0.021347
9 0.213168 0.438516 0.006757 0.011088
8 0.319395 0.043646 0.030666 0.087291
8 0.518984 0.171840 0.020271 0.061910
2 0.273228 0.479107 0.033265 0.050821
2 0.343396 0.486499 0.009356 0.037885
2 0.323645 0.488347 0.036383 0.054517
8 0.256893 0.439821 0.006237 0.015737
8 0.301073 0.439836 0.005198 0.013860
8 0.332259 0.450462 0.005198 0.016632
8 0.971905 0.337500 0.020059 0.073868
8 0.950414 0.342595 0.017193 0.084057
8 0.980843 0.411004 0.011462 0.033113