8 0.329582 0.626811 0.007020 0.016641
2 0.261133 0.682974 0.019891 0.058243
2 0.355323 0.691295 0.016381 0.033282
2 0.368194 0.695455 0.011701 0.024961
2 0.377555 0.690255 0.016381 0.027042
2 0.386915 0.695455 0.014041 0.033282
2 0.395106 0.697535 0.014041 0.033282
2 0.405051 0.697535 0.017551 0.041602
2 0.418507 0.701695 0.028082 0.054083
2 0.120139 0.710016 0.166150 0.212173
3 0.206725 0.679854 0.100626 0.176811
2 0.302085 0.719376 0.094776 0.151849
4 0.491052 0.679854 0.135728 0.197612
2 0.053049 0.756819 0.106099 0.268336