9 0.641422 0.416943 0.026392 0.040521
9 0.330714 0.403080 0.028791 0.046919
9 0.530455 0.459597 0.015595 0.023460
9 0.543651 0.458531 0.010797 0.017062
8 0.539452 0.519312 0.004799 0.019194
8 0.552648 0.524644 0.007198 0.017062
8 0.574242 0.508649 0.007198 0.019194
8 0.633025 0.519312 0.004799 0.019194
8 0.604833 0.520379 0.003599 0.017062
2 0.531655 0.543839 0.015595 0.025592
2 0.454877 0.524644 0.013196 0.025592
2 0.421887 0.527843 0.009597 0.031990
2 0.403293 0.528910 0.013196 0.017062
3 0.166363 0.479858 0.124763 0.093839
2 0.623427 0.548104 0.023993 0.038389
2 0.920881 0.586493 0.158237 0.149289