8 0.256601 0.381061 0.011695 0.040195
8 0.277651 0.412247 0.011695 0.036037
8 0.168891 0.419573 0.014034 0.024949
8 0.206314 0.522140 0.015593 0.022177
8 0.335345 0.490954 0.007017 0.015246
8 0.537830 0.424424 0.007017 0.020791
8 0.469054 0.517289 0.004678 0.012474
8 0.414813 0.530456 0.006237 0.008316
8 0.432355 0.539465 0.005458 0.012474
9 0.177077 0.283345 0.031965 0.019405
9 0.175518 0.380368 0.021050 0.038809
9 0.157976 0.408485 0.021830 0.016632
9 0.711468 0.458580 0.024169 0.016632
9 0.729400 0.435017 0.017932 0.030493
8 0.422665 0.430859 0.005458 0.024949
2 0.138972 0.638270 0.212064 0.279979
2 0.458237 0.597382 0.046779 0.056827
2 0.383780 0.652823 0.088100 0.151078
2 0.898736 0.693018 0.137218 0.289682
2 0.214208 0.785883 0.370332 0.411653
2 0.674978 0.719353 0.487278 0.550256