8 0.370678 0.407630 0.009137 0.018048
8 0.509254 0.413044 0.008122 0.025267
8 0.638185 0.421166 0.010152 0.019853
8 0.852394 0.464482 0.012182 0.016243
8 0.529050 0.457262 0.009137 0.016243
2 0.819010 0.540743 0.107849 0.121325
2 0.501132 0.486139 0.024365 0.037901
2 0.550877 0.533967 0.121825 0.140775
2 0.465562 0.491425 0.039551 0.056207
2 0.422453 0.474408 0.019289 0.036096
2 0.389459 0.489749 0.032487 0.063168
2 0.347328 0.506895 0.059897 0.086631
2 0.290984 0.487042 0.034517 0.046925
2 0.944753 0.582955 0.109488 0.151604
9 0.344273 0.405937 0.021094 0.018750
9 0.572349 0.380156 0.047461 0.037500