2 0.373351 0.417651 0.107229 0.135173
2 0.284156 0.388190 0.051665 0.031194
2 0.184726 0.397722 0.061413 0.019063
2 0.154994 0.401188 0.029244 0.019063
3 0.068724 0.416785 0.055564 0.050257
2 0.003412 0.437580 0.006824 0.046791
2 0.053614 0.765116 0.107229 0.459243
2 0.220794 0.525963 0.266123 0.272080
2 0.530783 0.528562 0.293417 0.440180
4 0.829074 0.307606 0.338258 0.317137
9 0.425016 0.291143 0.027295 0.058922
9 0.857344 0.214891 0.055564 0.159435
9 0.857344 0.110045 0.112103 0.046791
9 0.855881 0.040725 0.068237 0.077985
9 0.790082 0.017330 0.038018 0.031194
9 0.969934 0.058922 0.058488 0.114377
9 0.971883 0.250417 0.044841 0.036393
8 0.963598 0.188896 0.028269 0.062388
8 0.923143 0.200161 0.031194 0.060655
8 0.480580 0.150770 0.011698 0.055456
8 0.541018 0.035526 0.013647 0.067587
8 0.527858 0.044191 0.014622 0.064121
8 0.561002 0.048524 0.018521 0.072786
8 0.507387 0.045924 0.020471 0.071053
8 0.469857 0.155969 0.013647 0.055456
8 0.285619 0.207093 0.009748 0.032927
8 0.273921 0.200161 0.007798 0.039859
9 0.258324 0.169833 0.017547 0.041592
9 0.266610 0.240019 0.014622 0.043325
9 0.251500 0.246085 0.015597 0.013864
9 0.251988 0.220090 0.014622 0.010398
9 0.265148 0.293742 0.019496 0.029461
9 0.265148 0.318870 0.019496 0.020796
8 0.250038 0.344865 0.006824 0.017330
8 0.029732 0.214024 0.032169 0.126508
8 0.012185 0.305007 0.022421 0.034660