2 0.027147 0.425563 0.053930 0.071523
2 0.090320 0.422881 0.074429 0.055430
2 0.144130 0.414834 0.047272 0.046490
2 0.203975 0.409470 0.060348 0.035762
2 0.279410 0.402318 0.026151 0.021457
2 0.305560 0.396060 0.026151 0.030397
2 0.366914 0.389801 0.012070 0.025033
2 0.379486 0.386225 0.007041 0.028609
2 0.394573 0.387119 0.007041 0.023245
2 0.406140 0.380861 0.010058 0.021457
2 0.502193 0.389120 0.021122 0.030822
2 0.524824 0.388013 0.026151 0.050066
2 0.545442 0.391589 0.043249 0.057219
2 0.557009 0.399636 0.034197 0.059007
2 0.586680 0.398742 0.051296 0.100132
2 0.628923 0.405894 0.089516 0.114437
1 0.466990 0.399636 0.033191 0.101921
9 0.719948 0.279834 0.022127 0.026821
9 0.622386 0.308444 0.014081 0.037550
9 0.592715 0.325430 0.013075 0.010728