9 0.511477 0.439352 0.009946 0.022881
9 0.507382 0.458073 0.006435 0.010401
9 0.507382 0.419071 0.006435 0.013521
9 0.467599 0.463273 0.006435 0.014561
9 0.461457 0.468473 0.007020 0.016641
9 0.309682 0.439277 0.016381 0.019761
9 0.706837 0.525974 0.014041 0.039522
9 0.542108 0.510745 0.007020 0.019761
9 0.523094 0.505544 0.007605 0.013521
9 0.497938 0.497224 0.005265 0.011441
9 0.477461 0.494104 0.005265 0.009361
2 0.297051 0.509110 0.010531 0.031202
2 0.280963 0.510670 0.028667 0.040562
2 0.273357 0.518471 0.023986 0.037442
2 0.262242 0.521591 0.018136 0.037442
2 0.238255 0.522631 0.039197 0.052003
2 0.204908 0.531992 0.042708 0.068644
2 0.173609 0.543952 0.049143 0.080085
2 0.375153 0.497149 0.009361 0.019761
2 0.364623 0.500270 0.014041 0.015601
2 0.317235 0.509630 0.030422 0.036402
2 0.296466 0.509110 0.009946 0.029122
2 0.385392 0.492469 0.004095 0.012481
2 0.082856 0.580354 0.165711 0.273536
2 0.344732 0.511190 0.031592 0.039522
2 0.391534 0.491949 0.010531 0.015601
2 0.405868 0.490909 0.008776 0.013521
2 0.419031 0.496629 0.015211 0.022881