9 0.909579 0.375708 0.047282 0.053491
8 0.713288 0.403727 0.012895 0.053491
8 0.758420 0.543821 0.011462 0.043302
8 0.900983 0.492878 0.021492 0.022925
8 0.481893 0.452123 0.008597 0.033113
8 0.518429 0.560378 0.007164 0.020377
8 0.607978 0.565472 0.008597 0.020377
8 0.628037 0.570567 0.008597 0.030566
8 0.471147 0.450849 0.012895 0.040755
2 0.260675 0.629028 0.153015 0.145764
2 0.586486 0.593491 0.017193 0.015283
2 0.595799 0.616416 0.015761 0.040755
2 0.618008 0.621510 0.034387 0.061132
2 0.650245 0.616416 0.035820 0.061132
2 0.555682 0.626604 0.073072 0.096793
8 0.918639 0.550988 0.010955 0.021976
2 0.499087 0.602406 0.025790 0.038208
8 0.265108 0.498961 0.023967 0.024668
8 0.385111 0.542466 0.013876 0.020183
9 0.905195 0.514883 0.027751 0.017940
9 0.907717 0.542915 0.017660 0.020183
8 0.764799 0.570049 0.013876 0.017940