9 0.569740 0.326475 0.022405 0.035564
9 0.570140 0.352793 0.012003 0.017071
2 0.469788 0.404716 0.015204 0.012803
2 0.452985 0.408272 0.013603 0.028451
2 0.446183 0.412540 0.008002 0.028451
2 0.441382 0.413251 0.009602 0.029874
2 0.434580 0.414674 0.010402 0.035564
2 0.431780 0.418941 0.009602 0.032719
2 0.420577 0.416807 0.019204 0.048367
2 0.419377 0.418230 0.013603 0.039831
2 0.412575 0.419652 0.022405 0.045522
2 0.403373 0.426054 0.016804 0.052634
2 0.394971 0.423920 0.019204 0.068282
2 0.378167 0.422498 0.046411 0.076818
2 0.371766 0.440279 0.043210 0.083930
2 0.347760 0.443125 0.033608 0.095311
2 0.335758 0.449526 0.019204 0.113804
2 0.285346 0.443836 0.118427 0.162171
2 0.161557 0.468019 0.228053 0.250369
2 0.072917 0.486614 0.144833 0.348525
2 0.487873 0.408557 0.013603 0.022761
2 0.493074 0.415669 0.014403 0.031296
2 0.500276 0.416381 0.011203 0.029874
2 0.507877 0.415669 0.020005 0.051212
2 0.523481 0.422071 0.028807 0.058325
2 0.528682 0.428472 0.021605 0.062592
2 0.539885 0.433451 0.032808 0.078240
2 0.557489 0.447677 0.044010 0.103846
2 0.608380 0.454505 0.093622 0.183509
2 0.744772 0.488646 0.284866 0.332877
2 0.907628 0.566131 0.182442 0.490780