2 0.448070 0.361100 0.031561 0.035299
2 0.415431 0.359679 0.035629 0.059358
2 0.369140 0.360000 0.056953 0.071250
2 0.507832 0.337500 0.007383 0.015000
2 0.513105 0.354375 0.009492 0.022500
2 0.521543 0.358125 0.009492 0.018750
2 0.583242 0.388125 0.033750 0.048750
2 0.331910 0.347812 0.017930 0.073125
2 0.314508 0.345937 0.021094 0.080625
2 0.270211 0.346875 0.080156 0.090000
2 0.488320 0.360469 0.037969 0.056250
2 0.541557 0.385353 0.055948 0.076019
2 0.995625 0.460312 0.007383 0.037500
8 0.424336 0.272812 0.008437 0.028125
8 0.498691 0.284062 0.009492 0.031875
8 0.634394 0.060000 0.015820 0.078750
8 0.637031 0.065625 0.012656 0.067500
8 0.623847 0.066562 0.009492 0.073125
9 0.738808 0.243125 0.028477 0.022500
9 0.586933 0.286250 0.013711 0.030000
8 0.727945 0.301875 0.006328 0.026250
8 0.747702 0.305625 0.014908 0.031875
9 0.753047 0.193437 0.021094 0.020625
8 0.136764 0.245687 0.013389 0.028904
8 0.649390 0.068860 0.015302 0.062909
9 0.159239 0.172576 0.023910 0.018703
9 0.149197 0.151322 0.034430 0.017003