8 0.747197 0.483963 0.010029 0.033113
8 0.566666 0.455944 0.012895 0.033113
9 0.439148 0.467406 0.015761 0.015283
9 0.490729 0.478868 0.027223 0.017830
9 0.863969 0.511982 0.020059 0.010189
2 0.606068 0.570567 0.020059 0.022925
2 0.585292 0.576934 0.018626 0.035660
2 0.550906 0.597312 0.050147 0.081510
2 0.489296 0.578208 0.078803 0.084057
2 0.442730 0.604953 0.054446 0.101887
2 0.420522 0.636793 0.070206 0.216510
2 0.637589 0.573114 0.037252 0.038208
2 0.641887 0.603680 0.034387 0.073868
2 0.770838 0.787076 0.323809 0.420283
4 0.204888 0.499246 0.409776 0.995944
2 0.729287 0.557831 0.037252 0.038208
2 0.688453 0.561651 0.038685 0.025472