8 0.592124 0.382500 0.013184 0.023437
8 0.642222 0.333281 0.007910 0.046875
8 0.503135 0.335625 0.009229 0.028125
8 0.466880 0.336797 0.010547 0.030469
8 0.375913 0.313359 0.013184 0.039844
9 0.456333 0.337969 0.010547 0.023437
9 0.590147 0.346172 0.025049 0.021094
2 0.548618 0.428203 0.018457 0.030469
2 0.478745 0.417656 0.013184 0.018750
2 0.472813 0.425859 0.017139 0.025781
2 0.621787 0.428203 0.032959 0.053906
2 0.642881 0.431718 0.035596 0.065625
2 0.366685 0.416484 0.055371 0.082031
2 0.336363 0.428203 0.065918 0.091406
2 0.277696 0.439922 0.085693 0.119531
2 0.441172 0.418828 0.048779 0.067969
2 0.681113 0.442265 0.077783 0.086719
2 0.558506 0.439922 0.014502 0.016406
2 0.162339 0.441093 0.203027 0.187500
3 0.509727 0.418828 0.051416 0.096094
2 0.019207 0.525468 0.038414 0.196875
2 0.863047 0.513750 0.272900 0.210937