8 0.115378 0.241706 0.077977 0.063981
8 0.376901 0.293957 0.075578 0.053318
8 0.592836 0.337677 0.061182 0.051185
8 0.569443 0.552014 0.014396 0.083175
8 0.014008 0.491232 0.023993 0.093839
2 0.218548 0.665047 0.032390 0.057583
2 0.183758 0.661848 0.049185 0.068246
2 0.336113 0.665047 0.039588 0.057583
2 0.348709 0.686374 0.035989 0.083175
2 0.379900 0.691706 0.064781 0.102370
9 0.384098 0.625592 0.013196 0.021327
2 0.270132 0.709834 0.125963 0.159953
2 0.481869 0.753554 0.201540 0.319905
2 0.039994 0.709834 0.079989 0.334834
9 0.959927 0.562677 0.034790 0.066114
9 0.962927 0.623459 0.026392 0.025592
2 0.931078 0.845260 0.137844 0.307109
4 0.931678 0.708767 0.136644 0.110900