8 0.169812 0.250930 0.017589 0.038066
8 0.408790 0.164601 0.015295 0.031269
8 0.816236 0.346450 0.018353 0.028550
8 0.715674 0.158157 0.017589 0.054381
8 0.734027 0.159517 0.019118 0.065257
2 0.320282 0.394217 0.029060 0.061178
2 0.486993 0.359550 0.019883 0.019033
2 0.493953 0.428793 0.030744 0.135768
2 0.516052 0.377223 0.021412 0.038066
2 0.647481 0.400335 0.022177 0.027190
2 0.678070 0.434323 0.071120 0.067976
2 0.577003 0.434819 0.139945 0.183535
2 0.406087 0.419184 0.152946 0.285498
2 0.914631 0.487160 0.168240 0.296375