8 0.483570 0.298478 0.009736 0.036421
8 0.601798 0.332471 0.010926 0.026709
8 0.333422 0.321544 0.009560 0.033993
8 0.422198 0.397446 0.009560 0.015246
8 0.613191 0.409789 0.007017 0.017756
8 0.677510 0.390202 0.012471 0.022936
9 0.207770 0.361607 0.017755 0.016996
9 0.218696 0.402884 0.023218 0.016996
2 0.452928 0.411383 0.008195 0.019424
2 0.466586 0.399242 0.010926 0.014568
2 0.470683 0.411383 0.010926 0.019424
2 0.474780 0.418667 0.013658 0.014568
2 0.474780 0.432021 0.013658 0.016996
2 0.441319 0.416239 0.015024 0.019424
2 0.436539 0.432021 0.016389 0.021853
2 0.459074 0.459944 0.015024 0.048561
2 0.478195 0.459944 0.028681 0.048561
2 0.499365 0.453874 0.016389 0.041277
2 0.523949 0.458730 0.021853 0.031565
2 0.546484 0.459944 0.031413 0.038849
2 0.396931 0.467228 0.021853 0.033993
2 0.419466 0.469656 0.039608 0.048561
2 0.370981 0.468442 0.043705 0.055845
2 0.303375 0.483010 0.039608 0.060701
2 0.263084 0.489081 0.076484 0.097122
2 0.123347 0.622624 0.246695 0.335072
9 0.079058 0.364909 0.025295 0.078380
9 0.530568 0.388437 0.008614 0.019405
8 0.481821 0.390516 0.007796 0.009702
9 0.605395 0.391902 0.016373 0.009702