2 0.966463 0.520645 0.065558 0.213669
2 0.776619 0.527929 0.243109 0.237950
2 0.512340 0.503649 0.157065 0.233094
2 0.344348 0.473298 0.058729 0.094694
2 0.370298 0.472084 0.036876 0.097122
2 0.390102 0.470870 0.032779 0.075270
2 0.407174 0.461158 0.020487 0.060701
2 0.426295 0.458730 0.017755 0.060701
2 0.872223 0.463586 0.084679 0.114119
4 0.684924 0.410169 0.085052 0.104407
2 0.645503 0.466014 0.035510 0.070414
2 0.629797 0.461158 0.028681 0.060701
2 0.592921 0.449018 0.020487 0.031565
2 0.590872 0.424737 0.024584 0.021853
2 0.435856 0.453874 0.015024 0.050989
8 0.214599 0.167363 0.017755 0.065558
8 0.184551 0.337674 0.020487 0.036421
8 0.624334 0.381032 0.009560 0.021853
9 0.650967 0.354323 0.010926 0.026709
9 0.212550 0.288766 0.035510 0.070414
9 0.187283 0.248703 0.036876 0.014568