9 0.285619 0.346598 0.021446 0.020796
9 0.638012 0.339666 0.024370 0.020796
9 0.637524 0.379525 0.019496 0.051990
9 0.556615 0.410719 0.013647 0.017330
9 0.191550 0.406387 0.018521 0.025995
8 0.336796 0.353530 0.008773 0.034660
8 0.588297 0.420250 0.010723 0.029461
8 0.508362 0.398588 0.006824 0.027728
2 0.193499 0.516432 0.088708 0.083184
2 0.414233 0.502056 0.062266 0.054432
2 0.655071 0.535494 0.115027 0.107445
2 0.581960 0.526829 0.062388 0.062388
4 0.562952 0.491303 0.065312 0.105712
4 0.497639 0.503434 0.026320 0.036393
4 0.272946 0.485238 0.165717 0.086650
4 0.044657 0.460430 0.089315 0.066159
4 0.115968 0.462219 0.093539 0.059007