2 0.708709 0.548151 0.032954 0.035660
2 0.669307 0.579991 0.065908 0.073868
2 0.739514 0.599095 0.063043 0.081510
2 0.751692 0.546878 0.038685 0.022925
2 0.611996 0.557067 0.060177 0.058585
2 0.526029 0.544331 0.031521 0.043302
2 0.556117 0.546878 0.040118 0.043302
2 0.498806 0.543057 0.037252 0.035660
2 0.435047 0.536689 0.032954 0.028019
2 0.406391 0.536689 0.030088 0.038208
2 0.384183 0.540510 0.028656 0.040755
2 0.355528 0.529048 0.040118 0.053491
2 0.326872 0.532868 0.037252 0.045849
2 0.289619 0.530321 0.045849 0.050943
2 0.252367 0.525227 0.051580 0.050943
2 0.204369 0.515038 0.073072 0.061132
2 0.162818 0.517585 0.055879 0.061132
2 0.083012 0.527774 0.115196 0.086604
2 0.270993 0.497208 0.048715 0.025472
2 0.330454 0.499755 0.044416 0.025472
2 0.388482 0.501029 0.028656 0.017830
8 0.642084 0.489566 0.011462 0.025472
8 0.564714 0.408057 0.011462 0.045849
8 0.346214 0.406783 0.012895 0.028019
9 0.040315 0.294708 0.040118 0.073868
9 0.815451 0.397868 0.037252 0.132453
2 0.458688 0.608010 0.108892 0.140094
8 0.555401 0.397868 0.010029 0.035660
8 0.339050 0.387680 0.012895 0.030566