2 0.437071 0.394459 0.011477 0.035705
2 0.442810 0.394459 0.013389 0.039106
2 0.449504 0.401260 0.011477 0.049307
2 0.454764 0.405510 0.016259 0.064610
2 0.469110 0.408911 0.033474 0.081612
9 0.486804 0.415712 0.026779 0.088413
2 0.527928 0.434415 0.089901 0.163224
2 0.598223 0.464169 0.144415 0.215932
2 0.793168 0.449717 0.409336 0.610391
2 0.328202 0.382557 0.041125 0.061209
8 0.360082 0.335800 0.004782 0.028904
8 0.421291 0.349402 0.006695 0.025504
8 0.380166 0.288193 0.006695 0.025504
8 0.427507 0.346852 0.005738 0.023804
8 0.452852 0.317097 0.008608 0.015302
8 0.443288 0.314547 0.006695 0.013602
9 0.360082 0.312847 0.008608 0.013602
9 0.421769 0.328999 0.007651 0.008501
9 0.469110 0.332399 0.008608 0.015302
9 0.469110 0.350252 0.010520 0.017003
9 0.832175 0.136018 0.062629 0.117526
9 0.828116 0.039111 0.061469 0.072165