8 0.110359 0.422031 0.010213 0.043002
8 0.306421 0.444451 0.007756 0.034199
9 0.346552 0.444225 0.036643 0.020791
2 0.242860 0.606391 0.075626 0.101181
2 0.010135 0.621637 0.015593 0.076232
2 0.854881 0.713809 0.289248 0.565503
2 0.316003 0.565226 0.022896 0.050452
3 0.274435 0.558573 0.046779 0.099795
3 0.349697 0.550609 0.044492 0.096317
3 0.137607 0.575898 0.080303 0.098409
2 0.072117 0.598768 0.038203 0.036037
2 0.196081 0.580749 0.036643 0.030493
8 0.122506 0.420199 0.010058 0.050066
8 0.013880 0.464901 0.012070 0.053642
8 0.026955 0.462219 0.012070 0.048278
8 0.039025 0.542682 0.014081 0.026821
9 0.501690 0.468477 0.020116 0.032185
2 0.379486 0.562351 0.015087 0.044702