2 0.028565 0.577550 0.057129 0.171656
2 0.297514 0.533742 0.048278 0.044702
2 0.454418 0.513179 0.026151 0.032185
2 0.418712 0.514967 0.019110 0.025033
2 0.081771 0.558775 0.125724 0.148411
2 0.169275 0.553411 0.073423 0.098344
2 0.322659 0.527483 0.024139 0.039338
2 0.332717 0.524801 0.028162 0.051854
2 0.353839 0.521225 0.022127 0.044702
2 0.374960 0.517649 0.024139 0.033974
2 0.388538 0.513179 0.015087 0.028609
2 0.546951 0.540894 0.056325 0.076887
2 0.518286 0.535530 0.027156 0.062583
2 0.499679 0.528377 0.030174 0.044702
2 0.482580 0.526589 0.026151 0.026821
9 0.098367 0.366556 0.026151 0.021457
2 0.435899 0.515859 0.017139 0.021094