8 0.165059 0.273750 0.013711 0.045000
8 0.606972 0.203437 0.011602 0.039375
8 0.029004 0.380625 0.017930 0.030000
8 0.427676 0.270937 0.009492 0.058125
8 0.848496 0.277500 0.011602 0.026250
8 0.446133 0.360000 0.010547 0.022500
8 0.435586 0.361875 0.008437 0.018750
2 0.846914 0.366562 0.082266 0.080625
2 0.767285 0.364687 0.087539 0.076875
2 0.682383 0.385312 0.103359 0.069375
2 0.529453 0.417187 0.029531 0.039375
2 0.569004 0.401719 0.058008 0.081562
2 0.600117 0.409687 0.080156 0.084375
2 0.349629 0.434062 0.017930 0.018750
2 0.231504 0.439687 0.015820 0.022500
2 0.245742 0.443437 0.016875 0.026250
2 0.218848 0.438750 0.013711 0.031875
2 0.199336 0.433750 0.040078 0.048750
2 0.298094 0.408187 0.072773 0.118125
2 0.423602 0.478500 0.150820 0.210000
2 0.701367 0.356250 0.044297 0.028125
2 0.170859 0.439687 0.021094 0.043125
2 0.953099 0.413342 0.088379 0.083898