2 0.215433 0.518165 0.093582 0.284211
2 0.360191 0.462709 0.098456 0.079718
2 0.674080 0.528562 0.117952 0.180231
2 0.794468 0.586618 0.239803 0.251284
2 0.922168 0.720058 0.150120 0.344865
2 0.504950 0.616079 0.245652 0.362195
2 0.417705 0.483505 0.036068 0.086650
9 0.349469 0.339666 0.024370 0.041592
9 0.328998 0.385591 0.008773 0.025995
9 0.508850 0.370860 0.007798 0.017330
9 0.524934 0.378659 0.014622 0.025995
9 0.507387 0.395989 0.010723 0.032927
9 0.673592 0.303274 0.021446 0.038126
9 0.702836 0.273813 0.017547 0.034660
9 0.967497 0.168100 0.059463 0.263415
8 0.408932 0.292009 0.014622 0.039859
8 0.754989 0.424583 0.010723 0.024262
8 0.699425 0.338800 0.022421 0.091849
8 0.554178 0.397722 0.008773 0.022529
9 0.406982 0.261682 0.012673 0.020796
8 0.782283 0.290276 0.012673 0.050257