8 0.204082 0.310312 0.009492 0.043125
8 0.401836 0.360937 0.010547 0.050625
8 0.639140 0.495000 0.010547 0.026250
8 0.192480 0.312187 0.011602 0.050625
8 0.666035 0.494062 0.024258 0.031875
8 0.642304 0.340312 0.012656 0.050625
9 0.374414 0.448125 0.012656 0.026250
9 0.463008 0.452812 0.018984 0.016875
9 0.651269 0.426562 0.043242 0.028125
9 0.647051 0.396562 0.017930 0.016875
9 0.667617 0.387187 0.021094 0.024375
9 0.650215 0.265312 0.017930 0.084375
2 0.098613 0.506250 0.017930 0.041250
2 0.789433 0.683437 0.226758 0.241875
2 0.203555 0.672187 0.333281 0.478125
2 0.553183 0.652500 0.247851 0.303750
8 0.473027 0.509062 0.011602 0.013125
2 0.046406 0.559687 0.090703 0.268125
2 0.901230 0.881250 0.195117 0.232500
9 0.462546 0.398588 0.008773 0.045058