9 0.515034 0.535010 0.015593 0.016632
9 0.287377 0.592531 0.020271 0.009702
2 0.465643 0.645200 0.027288 0.045739
2 0.442254 0.659060 0.024169 0.037423
2 0.361950 0.656981 0.011695 0.030493
2 0.334273 0.664604 0.037423 0.045739
2 0.505054 0.663338 0.056134 0.063719
2 0.398633 0.677910 0.072507 0.081776
2 0.165339 0.677466 0.100742 0.070837
2 0.062510 0.698331 0.123964 0.128901
8 0.496449 0.605906 0.007175 0.021260
8 0.392409 0.552756 0.014350 0.025512
8 0.464161 0.604843 0.011959 0.023386
8 0.470738 0.534685 0.010763 0.023386